   0.0306367691
   0.0278754517
   0.0202891505
   0.0274811300
   0.0111192181
   0.0079463941
   0.0092230595
   0.0111500759
   0.0284199591
   0.0191772734
   0.0251082236
   0.0154318804
   0.0098116043
  -0.0126401739
  -0.0102004059
  -0.0258559821
  -0.0156839898
  -0.0343599588
  -0.0156280056
  -0.0342827418
  -0.0310996131
   0.0005223516
  -0.0332973178
  -0.0174630760
  -0.0222828167
  -0.0161030829
  -0.0093072584
   0.0020431953
   0.0104059715
  -0.0030015125
   0.0057093395
   0.0185006401
   0.0018861274
   0.0040544801
   0.0014126959
   0.0071489524
   0.0093342834
   0.0154940696
   0.0058573097
   0.0022685272
   0.0074958454
   0.0033015506
  -0.0014553456
  -0.0027877649
  -0.0034386093
   0.0146810992
   0.0053735800
  -0.0206823935
  -0.0245656853
  -0.0379304041
  -0.0316617148
  -0.0415750084
  -0.0457663970
  -0.0386730935
  -0.0250050928
  -0.0424850145
  -0.0475912545
  -0.0454022473
  -0.0260548710
  -0.0430376611
  -0.0464778564
  -0.0370380728
  -0.0297919891
  -0.0402436298
  -0.0331435536
  -0.0250196346
   0.0035552683
   0.0004217591
   0.0034703678
   0.0191085296
  -0.0004575594
   0.0132968709
   0.0012656298
  -0.0015914791
  -0.0024813430
   0.0032697365
   0.0055479406
   0.0029386221
   0.0042608846
  -0.0026677651
  -0.0014902194
   0.0093220732
   0.0194876613
  -0.0024072575
   0.0165418230
  -0.0059316361
  -0.0014214584
   0.0060386671
  -0.0228031970
  -0.0359808573
  -0.0435336541
  -0.0293745957
  -0.0505337946
  -0.0525801171
  -0.0467104169
  -0.0467010595
  -0.0545358134
  -0.0552323122
  -0.0521799624
  -0.0518237334
  -0.0535931428
  -0.0486586316
  -0.0386286649
  -0.0463108242
  -0.0354153994
  -0.0286491592
   0.0026114639
   0.0139071172
   0.0028787680
   0.0032296271
   0.0039895934
   0.0034942068
   0.0034127874
   0.0019506358
   0.0099593188
   0.0121590817
   0.0093327068
   0.0048207801
   0.0199798551
   0.0230950283
   0.0170368336
   0.0118948170
   0.0181881589
   0.0246081858
   0.0267387377
   0.0198680367
   0.0082703312
  -0.0102395064
  -0.0002256129
   0.0209914649
   0.0008136422
   0.0304287785
   0.0371666521
   0.0317204345
   0.0302810498
   0.0499271172
   0.0369167192
   0.0313205082
   0.0305993390
   0.0479003009
   0.0361855968
   0.0295244274
   0.0350545240
   0.0026124501
   0.0255594683
   0.0191750918
   0.0055662884
  -0.0204178257
   0.0221754499
   0.0147397713
   0.0078565382
   0.0169239423
   0.0228883829
   0.0184897296
   0.0373018732
   0.0277557282
   0.0448949818
   0.0066752204
   0.0270792762
   0.0371578705
   0.0449202581
   0.0264255924
   0.0367275497
   0.0370330550
   0.0264291179
  -0.0059631261
  -0.0229814535
  -0.0014843558
   0.0040505159
  -0.0201760236
  -0.0006474454
   0.0046581080
  -0.0213615624
  -0.0037371792
  -0.0081189773
  -0.0418311244
   0.0032631869
   0.0031547008
  -0.0034733686
  -0.0203601102
   0.0007228887
   0.0023572087
   0.0024810144
  -0.0042761233
   0.0012244521
   0.0026576259
   0.0023164364
   0.0007888270
   0.0020535171
   0.0024143246
  -0.0053162824
   0.0016961148
   0.0024997921
   0.0032676061
  -0.0028553949
  -0.0209831163
   0.0039045947
  -0.0068983044
  -0.0371398169
   0.0009032438
   0.0099306440
   0.0038780442
  -0.0225197566
   0.0099394012
   0.0038727110
  -0.0210321707
  -0.0100782180
   0.0013843555
  -0.0205857818
   0.0021250164
  -0.0125698431
   0.0031196646
   0.0084934455
   0.0079160409
   0.0055472669
   0.0021818423
  -0.0025125804
   0.0066808918
   0.0069533521
   0.0057920447
   0.0064484101
   0.0053257970
   0.0037373268
   0.0010621841
   0.0074233495
   0.0065709066
  -0.0266138440
  -0.0086096587
   0.0039637700
   0.0087652862
  -0.0220973783
   0.0007604232
   0.0250588052
   0.0231938399
   0.0227857274
   0.0245301036
   0.0226235810
   0.0106572101
   0.0068592590
   0.0088478493
   0.0088251955
   0.0217307410
   0.0139679513
   0.0341108772
   0.0192258645
   0.0113361067
   0.0076514288
  -0.0075617314
  -0.0075665129
  -0.0163090554
  -0.0094226811
  -0.0160834304
  -0.0219935410
  -0.0096738962
  -0.0244779164
  -0.0170610143
  -0.0240598454
  -0.0174257211
  -0.0134900314
  -0.0210784638
  -0.0110791513
  -0.0137764084
  -0.0095456390
  -0.0054558155
   0.0007782408
   0.0060093146
  -0.0038493551
   0.0000917826
   0.0025605741
   0.0024055772
   0.0049490948
   0.0090305356
   0.0041192516
   0.0027301842
   0.0035843570
   0.0020460103
  -0.0028115896
  -0.0026784657
  -0.0049032561
   0.0083809509
   0.0016406355
  -0.0141931333
  -0.0150374643
  -0.0265920312
  -0.0224600852
  -0.0290698718
  -0.0339051638
  -0.0285722677
  -0.0291705629
  -0.0360317124
  -0.0358242099
  -0.0300520680
  -0.0364423432
  -0.0358390697
  -0.0312386771
  -0.0348216584
  -0.0275984189
  -0.0202207533
  -0.0290112386
  -0.0239359112
  -0.0178725607
   0.0029428953
  -0.0013456399
   0.0005755286
   0.0107555528
   0.0078569473
   0.0010381591
  -0.0032342775
  -0.0032566939
   0.0022544722
   0.0026415696
   0.0016206456
   0.0012552453
  -0.0036720760
   0.0043620173
   0.0109385210
  -0.0033918348
   0.0093751730
  -0.0030920172
   0.0015989757
  -0.0165180680
  -0.0257381344
  -0.0316682882
  -0.0201779969
  -0.0377802956
  -0.0400690812
  -0.0333382079
  -0.0405342515
  -0.0438973278
  -0.0427397787
  -0.0355631998
  -0.0411095841
  -0.0442929079
  -0.0432218681
  -0.0365294843
  -0.0391035619
  -0.0414647904
  -0.0360902841
  -0.0278668854
  -0.0344520006
  -0.0256685753
  -0.0211311630
   0.0023937042
   0.0079757228
   0.0015260337
   0.0032955949
   0.0007183026
   0.0014766560
   0.0062239688
   0.0076132510
   0.0075059993
   0.0081216141
   0.0024471080
   0.0161711831
   0.0191321971
   0.0146687806
   0.0096976597
   0.0119729916
   0.0172055876
   0.0207596216
   0.0219469810
   0.0168700364
   0.0091601578
  -0.0021095830
  -0.0056842284
   0.0189505373
   0.0093492574
  -0.0071702666
   0.0262867380
   0.0303228532
   0.0270151802
   0.0256216406
   0.0387722345
   0.0308275599
   0.0271999936
   0.0257934326
   0.0370251399
   0.0305066638
   0.0265201206
   0.0367393440
   0.0299052148
   0.0256280890
   0.0287009585
   0.0189275598
   0.0091921232
  -0.0095644255
   0.0208005593
   0.0158845016
   0.0067853857
  -0.0088502743
   0.0179141955
   0.0127246236
   0.0060920633
   0.0097421217
   0.0156345668
   0.0191073017
   0.0144912716
   0.0302351555
   0.0237849286
   0.0370734702
   0.0099091125
   0.0232600832
   0.0307786229
   0.0402305700
   0.0171174479
   0.0268200600
   0.0331411349
   0.0371633814
   0.0082951199
   0.0224591429
   0.0302928108
   0.0300354797
   0.0227596499
  -0.0096863458
  -0.0263224921
  -0.0066101807
  -0.0001171139
  -0.0103259112
  -0.0010966635
   0.0025359819
  -0.0218310587
  -0.0051957401
   0.0006745291
  -0.0171332512
  -0.0072342155
   0.0012412830
  -0.0048847194
  -0.0183162096
   0.0001331215
   0.0013688075
  -0.0013538869
  -0.0092106672
  -0.0212584131
  -0.0005840521
   0.0000890030
   0.0009047788
  -0.0025105407
  -0.0044869726
   0.0000061850
   0.0002922942
   0.0000883222
  -0.0005909304
  -0.0002021271
   0.0007786812
  -0.0028867475
  -0.0050741290
   0.0004385582
  -0.0003892030
   0.0012802390
  -0.0011271928
  -0.0093005147
  -0.0238167919
   0.0010085545
  -0.0042436632
  -0.0169367831
   0.0040162180
  -0.0032206639
   0.0054893661
  -0.0015368414
   0.0076107974
   0.0037277579
  -0.0075050470
   0.0055360309
  -0.0011874506
  -0.0020002881
  -0.0081079656
   0.0021998973
   0.0068124252
  -0.0185881835
  -0.0039106795
   0.0035868750
   0.0058992930
   0.0046187886
   0.0035135666
   0.0015702730
  -0.0043082823
   0.0004317098
   0.0046906438
   0.0043047824
   0.0030588162
   0.0038389352
   0.0033048671
   0.0025804730
  -0.0009385378
   0.0022709156
   0.0051017902
   0.0040554490
  -0.0122081556
  -0.0017778149
   0.0042136367
   0.0061972868
  -0.0274724980
  -0.0074451342
   0.0021362981
   0.0071403394
   0.0211099415
   0.0219134621
   0.0196246733
   0.0199533124
   0.0148880341
   0.0056061781
   0.0190166211
   0.0252702847
   0.0232471830
   0.0190136148
   0.0098691318
   0.0064234165
   0.0081915927
   0.0076230303
   0.0174486368
   0.0111025139
   0.0285861275
   0.0262687936
   0.0118249924
   0.0219364005
   0.0155260664
   0.0091490871
   0.0066084782
  -0.0042059159
  -0.0051840434
  -0.0102891467
  -0.0052397768
  -0.0110919759
  -0.0141588668
  -0.0056077584
  -0.0163565423
  -0.0107847626
  -0.0159856027
  -0.0050498904
  -0.0158595624
  -0.0112523353
  -0.0090599517
  -0.0134260537
  -0.0066291445
  -0.0085056032
  -0.0052952904
  -0.0028862709
   0.0006035975
   0.0039462763
  -0.0001395647
   0.0020395793
   0.0030040056
   0.0042404283
   0.0058312058
   0.0039109623
   0.0028907952
   0.0018881491
   0.0018693178
  -0.0079952074
  -0.0029285056
  -0.0020710808
  -0.0048042450
   0.0051219214
   0.0000588285
  -0.0098571931
  -0.0085174536
  -0.0198048640
  -0.0168944973
  -0.0200757399
  -0.0261788237
  -0.0239926390
  -0.0197758455
  -0.0275976980
  -0.0287352659
  -0.0207970685
  -0.0280699264
  -0.0288525954
  -0.0225583940
  -0.0272250775
  -0.0237491976
  -0.0136877711
  -0.0220778247
  -0.0180729268
  -0.0130363034
   0.0019953021
  -0.0018291101
   0.0065974514
   0.0047784323
   0.0004131068
  -0.0034201656
  -0.0034208897
  -0.0056650357
   0.0002312338
   0.0008001557
  -0.0010438329
  -0.0074631241
  -0.0237563744
   0.0005935737
   0.0001337275
  -0.0036944810
   0.0018443921
   0.0065709174
  -0.0035581541
  -0.0094691273
  -0.0035377871
  -0.0004945067
  -0.0123754956
  -0.0196327367
  -0.0247503751
  -0.0266429881
  -0.0322231680
  -0.0304924053
  -0.0290852195
  -0.0349970266
  -0.0357175760
  -0.0323539873
  -0.0297845176
  -0.0353813882
  -0.0361174268
  -0.0329944041
  -0.0277086964
  -0.0333823735
  -0.0321842686
  -0.0211644849
  -0.0272137552
  -0.0193293768
  -0.0160650972
   0.0018592372
   0.0049674225
   0.0009909291
   0.0023462401
  -0.0001282701
   0.0007008773
   0.0039107804
   0.0054500043
   0.0057239418
  -0.0106318503
   0.0002080751
   0.0046598189
   0.0060727211
   0.0052866542
   0.0000340591
   0.0015135368
   0.0135286747
   0.0166262927
   0.0118280711
   0.0068845137
   0.0093596942
   0.0148167340
   0.0186202739
   0.0196075730
   0.0147262971
   0.0080580380
  -0.0017690456
   0.0085415427
  -0.0049926978
   0.0233136108
   0.0269370382
   0.0237225059
   0.0329055157
   0.0267791090
   0.0238067481
   0.0225088700
   0.0317127600
   0.0265173948
   0.0233194222
   0.0313022849
   0.0260236652
   0.0228022947
   0.0254901153
   0.0085167516
  -0.0064908314
   0.0183748286
   0.0137505185
   0.0061281897
  -0.0069855608
   0.0152670640
   0.0098525661
   0.0032628836
   0.0071226431
   0.0131470265
   0.0167688539
   0.0117574181
   0.0262137632
   0.0198848047
   0.0326066100
   0.0106670131
   0.0206464526
   0.0268286680
   0.0356559390
   0.0157764900
   0.0234271791
   0.0289186552
   0.0327713832
   0.0094876590
   0.0200272394
   0.0264865926
   0.0260932609
   0.0190084627
  -0.0099168445
  -0.0095762878
  -0.0023772095
  -0.0135496430
  -0.0038104522
   0.0001805832
  -0.0080733966
  -0.0016404016
  -0.0077102939
  -0.0031052874
  -0.0116864383
   0.0001063133
  -0.0012702294
  -0.0062838315
  -0.0157411963
  -0.0016391612
  -0.0011035906
  -0.0005932941
  -0.0040118420
  -0.0057217694
  -0.0009455021
  -0.0010691649
  -0.0011684119
  -0.0015889451
  -0.0013621257
  -0.0007027991
  -0.0043372041
  -0.0061818348
  -0.0002715628
  -0.0001144444
  -0.0011819381
  -0.0061475499
  -0.0165481863
   0.0004302623
  -0.0028706008
  -0.0107340491
  -0.0040042982
   0.0027323637
  -0.0049936936
   0.0049270160
   0.0005851421
  -0.0112590933
   0.0028668752
  -0.0044193822
  -0.0027210818
  -0.0177823621
  -0.0037486730
   0.0028376679
  -0.0112692280
  -0.0014726106
   0.0031584776
   0.0043243316
   0.0022109383
   0.0003106619
  -0.0059391253
  -0.0014050344
   0.0028979242
   0.0028418818
   0.0014030968
   0.0022433909
   0.0019830661
   0.0013174968
  -0.0025750912
   0.0004201177
   0.0033968734
   0.0026957594
  -0.0176252006
  -0.0077777923
  -0.0002697280
   0.0036073372
   0.0047252616
  -0.0161199730
  -0.0036389830
   0.0028125140
   0.0179685472
   0.0188391984
   0.0241304165
   0.0170946368
   0.0174497593
   0.0132480554
   0.0171285794
   0.0127720149
   0.0051996758
  -0.0108629470
   0.0193521368
   0.0163597193
   0.0205321942
   0.0196012471
   0.0160703701
   0.0089335081
   0.0059604287
   0.0106417974
   0.0073821475
   0.0068185421
   0.0144149960
   0.0053496597
   0.0092818427
   0.0227922656
   0.0114323024
   0.0096542348
   0.0209980843
   0.0093082614
   0.0172370983
   0.0129007440
   0.0077753541
   0.0059375730
  -0.0020439626
  -0.0033940399
  -0.0064443545
  -0.0025384272
  -0.0076020819
  -0.0091211398
  -0.0028823145
  -0.0108152694
  -0.0046664705
  -0.0110212852
  -0.0096670669
   0.0005602791
  -0.0108289007
  -0.0097519151
  -0.0000142587
  -0.0105637455
  -0.0053662476
  -0.0060249547
  -0.0085628265
  -0.0036431481
  -0.0052045057
  -0.0026157688
  -0.0012391155
   0.0006992889
   0.0027558215
  -0.0000284792
   0.0017531224
   0.0031821398
   0.0038698655
   0.0039098986
   0.0038442292
   0.0027403330
   0.0011118649
   0.0019136650
  -0.0053855037
  -0.0026956565
  -0.0014974601
  -0.0043393840
   0.0031666023
  -0.0006220852
  -0.0069395167
  -0.0050505138
  -0.0141324827
  -0.0125286876
  -0.0128357711
  -0.0191536747
  -0.0192416820
  -0.0143776948
  -0.0120008999
  -0.0203636795
  -0.0226410944
  -0.0198626727
  -0.0120897602
  -0.0203875560
  -0.0234829595
  -0.0223627810
  -0.0140033710
  -0.0212938306
  -0.0230147205
  -0.0193393918
  -0.0158336162
  -0.0205609196
  -0.0196660883
  -0.0096434657
  -0.0163694777
  -0.0137619905
  -0.0097296364
   0.0010863371
  -0.0019425545
   0.0042275487
   0.0028221390
  -0.0002599800
  -0.0032486956
  -0.0034288222
  -0.0056797469
  -0.0014632620
  -0.0004420399
  -0.0010496983
  -0.0003264264
  -0.0011606451
  -0.0047632373
  -0.0136131174
  -0.0010033184
  -0.0005387088
  -0.0104361297
  -0.0045518252
  -0.0035218390
   0.0004690846
   0.0040646848
  -0.0034870332
  -0.0072389209
  -0.0035891917
  -0.0015272956
  -0.0149779529
  -0.0187292994
  -0.0240325689
  -0.0250525924
  -0.0206399950
  -0.0265188681
  -0.0289031980
  -0.0277099805
  -0.0221391503
  -0.0233720065
  -0.0286463282
  -0.0302835823
  -0.0293356794
  -0.0253373580
  -0.0271363807
  -0.0295105640
  -0.0285328249
  -0.0236265362
  -0.0251299692
  -0.0265086749
  -0.0231293188
  -0.0163280830
  -0.0210155049
  -0.0149583053
  -0.0126117714
   0.0012851932
   0.0032033081
   0.0007257421
   0.0014416369
  -0.0003575150
   0.0002865184
   0.0025259011
   0.0040040645
   0.0014773946
   0.0038678297
   0.0044951393
  -0.0199864691
  -0.0054641864
   0.0011137796
   0.0037541466
   0.0043297495
   0.0031858686
  -0.0002602419
   0.0009867698
   0.0115578333
   0.0142812197
   0.0100590699
   0.0061832335
   0.0081295899
   0.0127885742
   0.0160021737
   0.0167799493
   0.0125822000
   0.0070681498
  -0.0001584166
  -0.0050747630
   0.0145567456
   0.0084606641
  -0.0004709546
  -0.0049221681
   0.0208413156
   0.0234968498
   0.0210244570
   0.0281749426
   0.0235382491
   0.0211583162
   0.0199295711
   0.0274476746
   0.0234026796
   0.0209976680
   0.0269508095
   0.0231337036
   0.0206134708
   0.0265625309
   0.0227417149
   0.0140287285
   0.0077829782
  -0.0025012850
   0.0154888795
   0.0114181479
   0.0050373914
  -0.0047159275
   0.0128158077
   0.0081071369
   0.0030531920
   0.0059797156
   0.0110998205
   0.0141812110
   0.0097630966
   0.0220532348
   0.0166710381
   0.0274928823
   0.0087048997
   0.0171878295
   0.0226614341
   0.0047383693
   0.0147977732
   0.0207893216
   0.0254716975
   0.0144975036
   0.0206031851
   0.0253871182
   0.0276495733
   0.0165375841
   0.0223279197
  -0.0096473924
  -0.0034193083
  -0.0158251017
  -0.0061164213
  -0.0018040417
  -0.0147963258
  -0.0056733218
  -0.0015514495
  -0.0080619965
  -0.0026539862
  -0.0072930456
  -0.0021271484
  -0.0067074959
  -0.0155839960
  -0.0009424762
  -0.0020591514
  -0.0059320894
  -0.0124643872
  -0.0020055408
  -0.0017272537
  -0.0015855585
  -0.0042372584
  -0.0052288788
  -0.0016656479
  -0.0018949557
  -0.0019138944
  -0.0019040582
  -0.0019115460
  -0.0016840279
  -0.0044838506
  -0.0054424021
  -0.0010278723
  -0.0011153280
  -0.0020415731
  -0.0059531078
  -0.0132297626
  -0.0005672714
  -0.0020773686
  -0.0063274984
  -0.0151356592
  -0.0077528419
  -0.0198025970
  -0.0035868736
   0.0014326664
  -0.0047964659
   0.0027653834
  -0.0017732335
   0.0028189772
  -0.0016401088
   0.0017142011
  -0.0040865525
  -0.0087660537
  -0.0012308340
   0.0025666455
  -0.0095588414
  -0.0020996167
   0.0017810681
   0.0029113236
   0.0013603787
  -0.0004999704
  -0.0051839307
  -0.0020380820
   0.0015282753
   0.0018338757
   0.0003382934
   0.0011978010
   0.0012599210
   0.0005310860
  -0.0024298506
  -0.0003632471
   0.0021052002
   0.0018150279
  -0.0123934205
  -0.0063762019
  -0.0008166395
   0.0023169086
   0.0032215495
  -0.0189287746
  -0.0073481615
  -0.0007919712
   0.0028448278
  -0.0112991864
