   3.9695189514   -0.6362929570    1.9560313715
   5.3039766053    1.2489523783    0.1373780236
   4.6374549195    2.0012998354    0.1373780236
   3.9695189514   -0.6362929570   -1.6812753244
   2.2171826670   -0.5019989056    2.2391027899
   1.6921826670    0.4073277684    1.9577561379
   2.2171826670   -0.5019989056   -1.9608972101
   2.0903499091   -1.8219937989    2.3318596542
   3.1403499091   -1.8219937989    2.0505130022
   2.6153499091   -2.7313204729    2.0505130022
   3.1403499091   -1.8219937989   -1.5867936937
   2.6153499091   -2.7313204729   -1.5867936937
   2.0903499091   -1.8219937989   -1.8681403458
   0.8509958206   -2.2459345062    2.3066837682
  -0.1990041794   -2.2459345062    2.0253371161
   0.3259958206   -3.1552611801    2.0253371161
   1.3759958206   -3.1552611801    2.0253371161
   0.5921744635   -4.0460765853    1.2566837682
   1.6064917247   -3.9002397799    1.2566837682
   0.1063255578   -4.2094686158    0.2066837682
   1.1041228491   -4.3306231418    0.2066837682
   2.0439317887   -3.9742006245    0.2066837682
   0.5921744635   -4.0460765853   -0.8433162318
   1.6064917247   -3.9002397799   -0.8433162318
   0.3259958206   -3.1552611801   -1.6119695798
   1.3759958206   -3.1552611801   -1.6119695798
   0.8509958206   -2.2459345062   -1.8933162318
   0.1286391644   -1.1164524131    2.1890989521
  -0.3963608356   -0.2071257391    1.9077523000
  -0.3963608356   -2.0257790871    1.9077523000
   1.1786391644   -1.1164524131   -1.7295543959
  -0.3963608356   -0.2071257391   -1.7295543959
  -0.3963608356   -2.0257790871   -1.7295543959
   0.1286391644   -1.1164524131   -2.0109010479
   0.9245936798   -0.0184598817    2.1437502052
   1.4495936798    0.8908667922    1.8624035531
  -0.1254063202   -0.0184598817    1.8624035531
  -0.1254063202   -0.0184598817   -1.7749031427
   1.4495936798   -0.9277865557   -1.7749031427
   0.9245936798   -0.0184598817   -2.0562497948
   0.4157069338    1.3150096279    2.0215644435
   1.4657069338    1.3150096279    1.7402177915
  -0.1092930662    2.2243363018    1.7402177915
   1.4657069338    1.3150096279   -1.8970889044
  -0.1092930662    2.2243363018   -1.8970889044
  -0.1092930662    0.4056829539   -1.8970889044
   0.4157069338    1.3150096279   -2.1784355565
   1.0766667524    2.3178527192    1.8377762164
   2.0566667524    2.3178527192    1.5751860078
   1.5666667524    3.1665576149    1.5751860078
   0.5866667524    3.1665576149    1.5751860078
   2.4499001200    3.3155651617    0.8577762164
   1.6011952243    3.9321853621    0.8577762164
   0.5521382804    3.9321853621    0.8577762164
   3.0366667524    2.3178527192   -0.1222237836
   2.7740765438    3.2978527192   -0.1222237836
   2.0566667524    4.0152625106   -0.1222237836
   1.0766667524    4.2778527192   -0.1222237836
   2.7740765438    2.3178527192   -1.1022237836
   2.4499001200    3.3155651617   -1.1022237836
   1.6011952243    3.9321853621   -1.1022237836
   0.5521382804    3.9321853621   -1.1022237836
   2.0566667524    2.3178527192   -1.8196335751
   1.5666667524    3.1665576149   -1.8196335751
   0.5866667524    3.1665576149   -1.8196335751
   1.0766667524    2.3178527192   -2.0822237836
  -0.9778589096    1.3282742613    1.9563529566
  -0.4528589096    2.2376009353    1.6750063046
  -2.0278589096    1.3282742613    1.6750063046
  -0.4528589096    0.4189475873    1.6750063046
  -0.4528589096    2.2376009353   -1.9623003913
  -0.4528589096    0.4189475873   -1.9623003913
  -0.9778589096    1.3282742613   -2.2436470434
  -0.6099188351    2.6175400013    1.5475063864
  -1.1349188351    3.5268666753    1.5475063864
  -1.9187401922    4.4176820805    0.7788530385
  -2.4045890979    4.5810741110   -0.2711469615
  -3.2317914063    4.0100975836   -0.2711469615
  -1.9187401922    4.4176820805   -1.3211469615
  -0.6099188351    2.6175400013   -2.0898003095
  -1.1349188351    3.5268666753   -2.0898003095
  -1.8150350158    0.2177605806    2.0002343508
  -0.7650350158    0.2177605806    1.7188876987
  -2.3400350158    1.1270872546    1.7188876987
  -0.7650350158    0.2177605806   -1.9184189972
  -2.3400350158    1.1270872546   -1.9184189972
  -2.3400350158   -0.6915660934   -1.9184189972
  -1.8150350158    0.2177605806   -2.1997656492
  -3.0052275578    0.3433284196    1.7952967894
  -3.4952275578    1.1920333153    1.5327065808
  -3.9852275578    0.3433284196    1.5327065808
  -3.4952275578   -0.5053764761    1.5327065808
  -4.3784609254    1.3410408621    0.8152967894
  -4.7026373492    0.3433284196    0.8152967894
  -4.3784609254   -0.6543840229    0.8152967894
  -3.9852275578    2.0407382110   -0.1647032106
  -4.7026373492    1.3233284196   -0.1647032106
  -4.9652275578    0.3433284196   -0.1647032106
  -4.7026373492   -0.6366715804   -0.1647032106
  -4.3784609254    1.3410408621   -1.1447032106
  -4.7026373492    0.3433284196   -1.1447032106
  -4.3784609254   -0.6543840229   -1.1447032106
  -3.4952275578    1.1920333153   -1.8621130020
  -3.9852275578    0.3433284196   -1.8621130020
  -3.4952275578   -0.5053764761   -1.8621130020
  -3.0052275578    0.3433284196   -2.1247032106
  -1.2353203631   -1.0200974195    2.1198941315
  -0.7103203631   -0.1107707455    1.8385474794
  -0.7103203631   -1.9294240934    1.8385474794
  -0.7103203631   -1.9294240934   -1.7987592165
  -1.2353203631   -1.0200974195   -2.0801058685
  -1.0549878847   -2.1898504076    1.8844974495
  -1.5799878847   -3.0991770816    1.8844974495
  -4.1439657013   -2.6924133026    0.0658441015
  -3.6768604558   -3.5824079899    0.0658441015
  -2.8496581475   -4.1533845173    0.0658441015
  -2.3638092417   -3.9899924868   -0.9841558985
  -1.0549878847   -2.1898504076   -1.7528092464
   3.4495694229    0.9636829659    2.6480225892
   4.4370486468    0.9636829659    2.3271711397
   3.7547172847    1.9028315164    2.3271711397
   2.6506819492    1.5441086906    2.3271711397
   2.6506819492    0.3832572411    2.3271711397
   3.7547172847    0.0245344153    2.3271711397
   5.0473443703    0.9636829659    1.4871711397
   4.6735360427    1.9907129051    1.4871711397
   3.7270201308    2.5371841216    1.4871711397
   2.6506819492    2.3473966598    1.4871711397
   1.9481520952    1.5101541824    1.4871711397
   4.6735360427    1.9907129051    0.4488740386
   3.7270201308    2.5371841216    0.4488740386
   5.2661582245   -0.4090483040    1.5849327429
   4.5838268624   -1.3481968545    1.5849327429
   5.8764539480   -0.4090483040    0.7449327429
   5.5026456204    0.6179816353    0.7449327429
   4.5561297086   -1.9825494597    0.7449327429
   5.5026456204   -1.4360782432    0.7449327429
   5.8764539480   -0.4090483040   -0.2933643582
   5.5026456204    0.6179816353   -0.2933643582
   4.5561297086   -1.9825494597   -0.2933643582
   5.5026456204   -1.4360782432   -0.2933643582
   5.2661582245   -0.4090483040   -1.1333643582
   4.5838268624   -1.3481968545   -1.1333643582
   3.8064157191    2.4074601374   -0.2628229430
   5.1267399586    0.8339589817   -1.3011200441
   4.7529316310    1.8609889209   -1.3011200441
   3.8064157191    2.4074601374   -1.3011200441
   2.7300775375    2.2176726757   -1.3011200441
   4.5164442350    0.8339589817   -2.1411200441
   3.8341128730    1.7731075322   -2.1411200441
   2.7300775375    1.4143847064   -2.1411200441
   2.7300775375    0.2535332570   -2.1411200441
   3.8341128730   -0.1051895689   -2.1411200441
   3.5289650112    0.8339589817   -2.4619714936
   3.9291139808   -2.4667283716    1.6781174025
   3.2467826187   -3.4058769221    1.6781174025
   4.5394097044   -2.4667283716    0.8381174025
   2.1427472833   -3.8504420655    0.8381174025
   3.2190854649   -4.0402295273    0.8381174025
   4.1656013768   -3.4937583108    0.8381174025
   4.5394097044   -2.4667283716   -0.2001796986
   3.2190854649   -4.0402295273   -0.2001796986
   4.1656013768   -3.4937583108   -0.2001796986
   3.9291139808   -2.4667283716   -1.0401796986
   3.2467826187   -3.4058769221   -1.0401796986
  -0.6031986526    4.3256022401    1.0648274623
   0.3156201055    4.4134836288    0.2248274623
  -0.6308958064    4.9599548453    0.2248274623
  -1.7072339880    4.7701673835    0.2248274623
   0.3156201055    4.4134836288   -0.8134696388
  -0.6308958064    4.9599548453   -0.8134696388
  -1.7072339880    4.7701673835   -0.8134696388
   0.0791327095    3.3864536895   -1.6534696388
  -0.6031986526    4.3256022401   -1.6534696388
  -3.7453015501    3.1827340876   -0.6609671170
  -3.7453015501    2.0897916546   -0.6609671170
  -1.9664335144    4.2097640268   -1.6992642181
  -3.0427716961    4.0199765650   -1.6992642181
  -3.7453015501    3.1827340876   -1.6992642181
  -3.7453015501    2.0897916546   -1.6992642181
  -1.2564049985    2.6362628711   -2.5392642181
  -1.9387363606    3.5754114216   -2.5392642181
  -3.0427716961    3.2166885958   -2.5392642181
  -3.0427716961    2.0558371463   -2.5392642181
  -1.9387363606    1.6971143205   -2.5392642181
  -2.2438842224    2.6362628711   -2.8601156675
  -2.3236862817    2.7671257420    2.2483034734
  -1.3362070578    2.7671257420    1.9274520239
  -2.0185384199    3.7062742926    1.9274520239
  -3.1225737553    3.3475514667    1.9274520239
  -3.1225737553    2.1867000173    1.9274520239
  -2.0185384199    1.8279771915    1.9274520239
  -2.0462355737    4.3406268978    1.0874520239
  -3.1225737553    4.1508394360    1.0874520239
  -3.8251036094    3.3135969585    1.0874520239
  -3.8251036094    2.2206545255    1.0874520239
  -3.1225737553    4.1508394360    0.0491549228
  -3.8251036094    3.3135969585    0.0491549228
  -3.8251036094    2.2206545255    0.0491549228
  -1.1760094077   -4.0013369323    1.5313173122
  -2.2800447432   -4.4459020757    0.6913173122
  -1.2037065616   -4.6356895375    0.6913173122
  -0.2571906497   -4.0892183210    0.6913173122
  -2.2800447432   -4.4459020757   -0.3469797889
  -1.2037065616   -4.6356895375   -0.3469797889
  -0.2571906497   -4.0892183210   -0.3469797889
  -0.4936780456   -3.0621883818   -1.1869797889
  -1.1760094077   -4.0013369323   -1.1869797889
  -4.1859213223   -1.7112952824   -0.3251557104
  -4.1859213223   -2.8042377154   -0.3251557104
  -4.1859213223   -1.7112952824   -1.3634528115
  -4.1859213223   -2.8042377154   -1.3634528115
  -3.4833914683   -3.6414801929   -1.3634528115
  -2.4070532866   -3.8312676547   -1.3634528115
  -1.6970247707   -2.2577664989   -2.2034528115
  -2.3793561328   -1.3186179484   -2.2034528115
  -3.4833914683   -1.6773407742   -2.2034528115
  -3.4833914683   -2.8381922236   -2.2034528115
  -2.3793561328   -3.1969150495   -2.2034528115
  -2.6845039946   -2.2577664989   -2.5243042609
  -2.7830082579   -2.1142465932    2.5842462863
  -1.7955290340   -2.1142465932    2.2633948369
  -2.4778603961   -1.1750980426    2.2633948369
  -3.5818957316   -1.5338208685    2.2633948369
  -3.5818957316   -2.6946723179    2.2633948369
  -2.4778603961   -3.0533951437    2.2633948369
  -3.5818957316   -0.7305328992    1.4233948369
  -4.2844255856   -1.5677753767    1.4233948369
  -4.2844255856   -2.6607178097    1.4233948369
  -3.5818957316   -3.4979602871    1.4233948369
  -4.2844255856   -1.5677753767    0.3850977358
  -4.2844255856   -2.6607178097    0.3850977358
   3.9651794383   -0.6287766999    2.2997033065
   5.5526302250    1.2882466000    0.6714282651
   5.5526302250    1.2882466000   -0.3966722179
   5.3209145093    0.2730337170   -1.3589975009
   3.9651794383   -0.6287766999   -2.0249472594
   2.2171826670   -0.5019989056    2.5391027899
   1.6965221800    0.3998115113    2.3014280729
   2.2171826670   -0.5019989056   -2.2608972101
   2.0903499091   -1.8219937989    2.6318596542
   3.1316708830   -1.8219937989    2.3941849372
   2.6110103960   -2.7238042158    2.3941849372
   3.9667454670   -1.8219937989   -1.2645158702
   3.1316708830   -1.8219937989   -1.9304656287
   2.6110103960   -2.7238042158   -1.9304656287
   2.0903499091   -1.8219937989   -2.1681403458
   0.8509958206   -2.2459345062    2.6066837682
  -0.1903251533   -2.2459345062    2.3690090512
   0.3303353336   -3.1477449230    2.3690090512
   1.3716563075   -3.1477449230    2.3690090512
  -0.3777819517   -3.6640196504    1.7030592927
   0.5839568902   -4.1032310629    1.7030592927
   1.6304787056   -3.9527639416    1.7030592927
   0.3303353336   -4.5270971477    0.7407340097
   1.3716563075   -4.5270971477    0.7407340097
   0.3303353336   -4.5270971477   -0.3273664733
   1.3716563075   -4.5270971477   -0.3273664733
  -0.3777819517   -3.6640196504   -1.2896917563
   0.5839568902   -4.1032310629   -1.2896917563
   1.6304787056   -3.9527639416   -1.2896917563
   0.3303353336   -3.1477449230   -1.9556415148
   1.3716563075   -3.1477449230   -1.9556415148
   0.8509958206   -2.2459345062   -2.1933162318
   0.1286391644   -1.1164524131    2.4890989521
  -0.3920213225   -0.2146419962    2.2514242351
  -0.3920213225   -2.0182628300    2.2514242351
  -0.3920213225   -2.0182628300   -2.0732263309
   0.1286391644   -1.1164524131   -2.3109010479
   0.9245936798   -0.0184598817    2.4437502052
   1.4452541667    0.8833505351    2.2060754882
  -0.1167272941   -0.0184598817   -2.1185750778
   1.4452541667   -0.9202702986   -2.1185750778
   0.9245936798   -0.0184598817   -2.3562497948
   0.4157069338    1.3150096279    2.3215644435
   1.4570279077    1.3150096279    2.0838897265
  -0.1049535532    2.2168200448    2.0838897265
   1.4570279077    1.3150096279   -2.2407608394
  -0.1049535532    2.2168200448   -2.2407608394
  -0.1049535532    0.4131992110   -2.2407608394
   0.4157069338    1.3150096279   -2.4784355565
   1.0766667524    2.3178527192    2.1177762164
   2.0485663280    2.3178527192    1.8959464805
   1.5626165402    3.1595424416    1.8959464805
   0.5907169646    3.1595424416    1.8959464805
   2.4935002539    3.3472425132    1.2743933725
   1.6178489936    3.9834403935    1.2743933725
   0.5354845112    3.9834403935    1.2743933725
   3.0103597319    3.3327330849    0.3762231084
   2.3172284300    4.1151165896    0.3762231084
   1.3398993982    4.4857686008    0.3762231084
   3.0103597319    3.3327330849   -0.6206706757
   2.3172284300    4.1151165896   -0.6206706757
   1.3398993982    4.4857686008   -0.6206706757
   2.4935002539    3.3472425132   -1.5188409398
   1.6178489936    3.9834403935   -1.5188409398
   0.5354845112    3.9834403935   -1.5188409398
   2.0485663280    2.3178527192   -2.1403940477
   1.5626165402    3.1595424416   -2.1403940477
   0.5907169646    3.1595424416   -2.1403940477
   1.0766667524    2.3178527192   -2.3622237836
  -0.9778589096    1.3282742613    2.2563529566
  -0.4571984227    2.2300846782    2.0186782396
  -2.0191798835    1.3282742613    2.0186782396
  -0.4571984227    0.4264638444    2.0186782396
  -0.4571984227    0.4264638444   -2.3059723264
  -0.9778589096    1.3282742613   -2.5436470434
  -0.6185978613    2.6175400013    1.8911783214
  -1.1392583482    3.5193504182    1.8911783214
  -2.1805793221    4.8987026428    0.2629032800
  -2.1805793221    4.8987026428   -0.8051972030
  -3.1187771010    4.4468904050   -0.8051972030
  -1.9269577655    4.4748365580   -1.7675224860
  -0.6185978613    2.6175400013   -2.4334722445
  -1.8150350158    0.2177605806    2.3002343508
  -0.7737140419    0.2177605806    2.0625596338
  -2.3356955027    1.1195709975    2.0625596338
  -0.7737140419    0.2177605806   -2.2620909322
  -2.3356955027   -0.6840498363   -2.2620909322
  -1.8150350158    0.2177605806   -2.4997656492
  -3.0052275578    0.3433284196    2.0752967894
  -3.4911773456    1.1850181420    1.8534670535
  -3.9771271334    0.3433284196    1.8534670535
  -3.4911773456   -0.4983613028    1.8534670535
  -4.4220610593    1.3727182136    1.2319139456
  -4.7565300785    0.3433284196    1.2319139456
  -4.4220610593   -0.6860613744    1.2319139456
  -4.6398541647    1.7914812263    0.3337436815
  -5.1256077025    0.8659551865    0.3337436815
  -5.1256077025   -0.1792983473    0.3337436815
  -4.6398541647   -1.1048243872    0.3337436815
  -4.6398541647    1.7914812263   -0.6631501027
  -5.1256077025    0.8659551865   -0.6631501027
  -5.1256077025   -0.1792983473   -0.6631501027
  -4.6398541647   -1.1048243872   -0.6631501027
  -4.4220610593    1.3727182136   -1.5613203668
  -4.7565300785    0.3433284196   -1.5613203668
  -4.4220610593   -0.6860613744   -1.5613203668
  -3.4911773456    1.1850181420   -2.1828734747
  -3.9771271334    0.3433284196   -2.1828734747
  -3.4911773456   -0.4983613028   -2.1828734747
  -3.0052275578    0.3433284196   -2.4047032106
  -1.2353203631   -1.0200974195    2.4198941315
  -0.7146598761   -0.1182870026    2.1822194144
  -0.7146598761   -1.9219078363   -2.1424311515
  -1.2353203631   -1.0200974195   -2.3801058685
  -1.0636669108   -2.1898504076    2.2281693845
  -1.5843273977   -3.0916608245    2.2281693845
  -2.3720268150   -4.0471469643    1.5622196260
  -3.5638461506   -4.0192008114    0.5998943430
  -3.5638461506   -4.0192008114   -0.4682061400
  -2.6256483716   -4.4710130491   -0.4682061400
  -1.0636669108   -2.1898504076   -2.0964811814
   3.4495694229    0.9636829659    2.8880225892
   4.4095694229    0.9636829659    2.6307913644
   3.9295694229    1.7950673535    2.6307913644
   2.9695694229    1.7950673535    2.6307913644
   2.4895694229    0.9636829659    2.6307913644
   2.9695694229    0.1322985782    2.6307913644
   3.9295694229    0.1322985782    2.6307913644
   5.1123381982    0.9636829659    1.9280225892
   4.7947776198    1.9410339299    1.9280225892
   3.9633932322    2.5450700447    1.9280225892
   2.9357456136    2.5450700447    1.9280225892
   2.1043612260    1.9410339299    1.9280225892
   5.1123381982    1.9236829659    0.9680225892
   4.4095694229    2.6264517411    0.9680225892
   3.4495694229    2.8836829659    0.9680225892
   5.2386790006   -0.4090483040    1.8885529677
   4.7586790006   -1.2404326916    1.8885529677
   5.9414477759   -0.4090483040    1.1857841924
   5.6238871976    0.5683026601    1.1857841924
   4.7925028099   -1.9904353828    1.1857841924
   5.6238871976   -1.3863992680    1.1857841924
   6.1986790006   -0.4090483040    0.2257841924
   5.9414477759    0.5509516960    0.2257841924
   5.2386790006   -2.0718170792    0.2257841924
   5.9414477759   -1.3690483040    0.2257841924
   5.9414477759   -0.4090483040   -0.7342158076
   4.7925028099   -1.9904353828   -0.7342158076
   5.6238871976   -1.3863992680   -0.7342158076
   5.2386790006   -0.4090483040   -1.4369845829
   4.7586790006   -1.2404326916   -1.4369845829
   5.1917337865    1.7939589817   -0.7819714936
   4.4889650112    2.4967277570   -0.7819714936
   3.5289650112    2.7539589817   -0.7819714936
   5.1917337865    0.8339589817   -1.7419714936
   4.8741732081    1.8113099458   -1.7419714936
   4.0427888205    2.4153460605   -1.7419714936
   3.0151412019    2.4153460605   -1.7419714936
   4.4889650112    0.8339589817   -2.4447402689
   4.0089650112    1.6653433693   -2.4447402689
   3.0489650112    1.6653433693   -2.4447402689
   2.5689650112    0.8339589817   -2.4447402689
   3.0489650112    0.0025745941   -2.4447402689
   4.0089650112    0.0025745941   -2.4447402689
   3.5289650112    0.8339589817   -2.7019714936
   3.9016347570   -2.4667283716    1.9817376272
   3.4216347570   -3.2981127592    1.9817376272
   4.6044035322   -2.4667283716    1.2789688519
   2.4278109477   -4.0481154504    1.2789688519
   3.4554585663   -4.0481154504    1.2789688519
   4.2868429539   -3.4440793356    1.2789688519
   4.8616347570   -2.4667283716    0.3189688519
   2.9416347570   -4.3867283716    0.3189688519
   3.9016347570   -4.1294971468    0.3189688519
   4.6044035322   -3.4267283716    0.3189688519
   4.6044035322   -2.4667283716   -0.6410311481
   2.4278109477   -4.0481154504   -0.6410311481
   3.4554585663   -4.0481154504   -0.6410311481
   4.2868429539   -3.4440793356   -0.6410311481
   3.9016347570   -2.4667283716   -1.3437999234
   3.4216347570   -3.2981127592   -1.3437999234
  -0.4283465143    4.2178380772    1.3684476870
   0.4368616826    4.3638046536    0.6656789117
  -0.3945227051    4.9678407683    0.6656789117
  -1.4221703236    4.9678407683    0.6656789117
   0.0516534857    5.0492224648   -0.2943210883
  -0.9083465143    5.3064536895   -0.2943210883
  -1.8683465143    5.0492224648   -0.2943210883
   0.4368616826    4.3638046536   -1.2543210883
  -0.3945227051    4.9678407683   -1.2543210883
  -1.4221703236    4.9678407683   -1.2543210883
   0.0516534857    3.3864536895   -1.9570898635
  -0.4283465143    4.2178380772   -1.9570898635
  -3.2038842224    4.2990316463   -1.1801156675
  -3.9066529976    3.5962628711   -1.1801156675
  -4.1638842224    2.6362628711   -1.1801156675
  -1.7300604131    4.2176499499   -2.1401156675
  -2.7577080316    4.2176499499   -2.1401156675
  -3.5890924193    3.6136138351   -2.1401156675
  -3.9066529976    2.6362628711   -2.1401156675
  -3.5890924193    1.6589119070   -2.1401156675
  -1.2838842224    2.6362628711   -2.8428844428
  -1.7638842224    3.4676472587   -2.8428844428
  -2.7238842224    3.4676472587   -2.8428844428
  -3.2038842224    2.6362628711   -2.8428844428
  -2.7238842224    1.8048784834   -2.8428844428
  -1.7638842224    1.8048784834   -2.8428844428
  -2.2438842224    2.6362628711   -3.1001156675
  -2.3236862817    2.7671257420    2.4883034734
  -1.3636862817    2.7671257420    2.2310722487
  -1.8436862817    3.5985101297    2.2310722487
  -2.8036862817    3.5985101297    2.2310722487
  -3.2836862817    2.7671257420    2.2310722487
  -2.8036862817    1.9357413544    2.2310722487
  -1.8436862817    1.9357413544    2.2310722487
  -1.8098624724    4.3485128208    1.5283034734
  -2.8375100909    4.3485128208    1.5283034734
  -3.6688944786    3.7444767061    1.5283034734
  -3.9864550569    2.7671257420    1.5283034734
  -3.6688944786    1.7897747779    1.5283034734
  -3.2836862817    4.4298945173    0.5683034734
  -3.9864550569    3.7271257420    0.5683034734
  -4.2436862817    2.7671257420    0.5683034734
  -1.9611572695   -3.8935727694    1.8349375369
  -1.0011572695   -3.8935727694    1.8349375369
  -1.9949810788   -4.6435754606    1.1321687616
  -0.9673334602   -4.6435754606    1.1321687616
  -2.4411572695   -4.7249571571    0.1721687616
  -1.4811572695   -4.9821883818    0.1721687616
  -0.5211572695   -4.7249571571    0.1721687616
  -1.9949810788   -4.6435754606   -0.7878312384
  -0.9673334602   -4.6435754606   -0.7878312384
  -1.0011572695   -3.8935727694   -1.4906000136
  -4.6045039946   -2.2577664989   -0.8443042609
  -4.3472727698   -3.2177664989   -0.8443042609
  -3.6445039946   -3.9205352742   -0.8443042609
  -4.0297121915   -1.2804155348   -1.8043042609
  -4.3472727698   -2.2577664989   -1.8043042609
  -4.0297121915   -3.2351174630   -1.8043042609
  -3.1983278039   -3.8391535777   -1.8043042609
  -2.1706801853   -3.8391535777   -1.8043042609
  -1.7245039946   -2.2577664989   -2.5070730362
  -2.2045039946   -1.4263821113   -2.5070730362
  -3.1645039946   -1.4263821113   -2.5070730362
  -3.6445039946   -2.2577664989   -2.5070730362
  -3.1645039946   -3.0891508866   -2.5070730362
  -2.2045039946   -3.0891508866   -2.5070730362
  -2.6845039946   -2.2577664989   -2.7643042609
  -2.7830082579   -2.1142465932    2.8242462863
  -1.8230082579   -2.1142465932    2.5670150616
  -2.3030082579   -1.2828622056    2.5670150616
  -3.2630082579   -1.2828622056    2.5670150616
  -3.7430082579   -2.1142465932    2.5670150616
  -3.2630082579   -2.9456309808    2.5670150616
  -2.3030082579   -2.9456309808    2.5670150616
  -4.1282164548   -1.1368956291    1.8642462863
  -4.4457770331   -2.1142465932    1.8642462863
  -4.1282164548   -3.0915975573    1.8642462863
  -3.2968320671   -3.6956336720    1.8642462863
  -4.4457770331   -1.1542465932    0.9042462863
  -4.7030082579   -2.1142465932    0.9042462863
  -4.4457770331   -3.0742465932    0.9042462863
  -3.7430082579   -3.7770153685    0.9042462863
   3.9611415851   -0.6217829329    2.6318527613
   5.3537072606    0.2730337170    2.0465663328
   5.6919630319    1.3553457434    1.1706232910
   5.9389936892    1.3062789844    0.1373780236
   5.3537072606    2.1822220262    0.1373780236
   4.4777642188    2.7675084548    0.1373780236
   5.6919630319    1.3553457434   -0.8958672438
   4.2376244377   -1.4636250542   -1.7718102856
   5.0506303614   -0.7591514112   -1.7718102856
   3.9611415851   -0.6217829329   -2.3570967142
   2.2171826670   -0.5019989056    2.8391027899
   1.7005600333    0.3928177443    2.6335775277
   2.2171826670   -0.5019989056   -2.5608972101
   2.0903499091   -1.8219937989    2.9318596542
   3.1235951765   -1.8219937989    2.7263343920
   2.6069725428   -2.7168104488    2.7263343920
   3.9995382183   -1.8219937989    2.1410479634
   3.9995382183   -1.8219937989   -1.6773286550
   2.8834553954   -3.5586525701   -1.6773286550
   3.6964613190   -2.8541789271   -1.6773286550
   3.1235951765   -1.8219937989   -2.2626150835
   2.6069725428   -2.7168104488   -2.2626150835
   2.0903499091   -1.8219937989   -2.4681403458
   0.8509958206   -2.2459345062    2.9066837682
  -0.1822494468   -2.2459345062    2.7011585060
   0.3343731869   -3.1407511561    2.7011585060
   1.3676184542   -3.1407511561    2.7011585060
  -0.3992566369   -3.6888027582    2.1158720774
   0.5792899951   -4.1356900312    2.1158720774
   1.6441013068   -3.9825932774    2.1158720774
   0.2959229722   -4.6778675543    1.2399290356
   1.4060686689   -4.6778675543    1.2399290356
   0.8509958206   -4.9459345062    0.2066837682
   1.8842410879   -4.7404092440    0.2066837682
   0.2959229722   -4.6778675543   -0.8265614992
   1.4060686689   -4.6778675543   -0.8265614992
  -0.3992566369   -3.6888027582   -1.7025045410
   0.5792899951   -4.1356900312   -1.7025045410
   1.6441013068   -3.9825932774   -1.7025045410
   0.3343731869   -3.1407511561   -2.2877909696
   1.3676184542   -3.1407511561   -2.2877909696
   0.8509958206   -2.2459345062   -2.4933162318
   0.1286391644   -1.1164524131    2.7890989521
  -0.3879834693   -0.2216357632    2.5835736899
  -0.3879834693   -2.0112690630   -2.4053757857
   0.1286391644   -1.1164524131   -2.6109010479
   0.9245936798   -0.0184598817    2.7437502052
   1.4412163135    0.8763567682    2.5382249430
  -0.1086515876   -0.0184598817   -2.4507245326
   1.4412163135   -0.9132765316   -2.4507245326
   0.9245936798   -0.0184598817   -2.6562497948
   0.4157069338    1.3150096279    2.6215644435
   1.4489522012    1.3150096279    2.4160391813
   0.9323295675    2.2098262778    2.4160391813
  -0.1009156999    2.2098262778    2.4160391813
   1.4489522012    1.3150096279   -2.5729102942
  -0.1009156999    2.2098262778   -2.5729102942
  -0.1009156999    0.4201929780   -2.5729102942
   0.4157069338    1.3150096279   -2.7784355565
   1.0766667524    2.3178527192    2.3977762164
   2.1700537749    2.3178527192    2.1482177635
   1.6233602637    3.2647536569    2.1482177635
   0.5299732411    3.2647536569    2.1482177635
   2.7341173641    3.3830315489    1.4489705170
   1.8951237817    4.1100236264    1.4489705170
   0.7962758755    4.2680141037    1.4489705170
   3.2901835896    3.3838262463    0.4385289699
   2.6084679316    4.2386706431    0.4385289699
   1.6233602637    4.7130734927    0.4385289699
   3.2901835896    3.3838262463   -0.6829765372
   2.6084679316    4.2386706431   -0.6829765372
   1.6233602637    4.7130734927   -0.6829765372
   2.7341173641    3.3830315489   -1.6934180843
   1.8951237817    4.1100236264   -1.6934180843
   0.7962758755    4.2680141037   -1.6934180843
   2.1700537749    2.3178527192   -2.3926653308
   1.6233602637    3.2647536569   -2.3926653308
   0.5299732411    3.2647536569   -2.3926653308
   1.0766667524    2.3178527192   -2.6422237836
  -0.9778589096    1.3282742613    2.5563529566
  -0.4612362759    2.2230909112    2.3508276944
  -0.4612362759    0.4334576114    2.3508276944
  -0.4612362759    0.4334576114   -2.6381217812
  -0.9778589096    1.3282742613   -2.8436470434
  -0.6266735678    2.6175400013    2.2233277762
  -1.1432962014    3.5123566512    2.2233277762
  -0.8668133488    4.3541987725    1.6380413477
  -2.2149916835    5.0494730494    0.7620983059
  -2.6931641025    5.1120147391   -0.2711469615
  -3.5691071443    4.5267283105   -0.2711469615
  -4.1543935729    3.6507852687   -0.2711469615
  -4.3599188351    2.6175400013   -0.2711469615
  -2.2149916835    5.0494730494   -1.3043922289
  -3.2151983951    4.5677988835   -1.3043922289
  -0.6266735678    2.6175400013   -2.7656216993
  -1.8150350158    0.2177605806    2.6002343508
  -0.7817897484    0.2177605806    2.3947090886
  -2.3316576495    1.1125772305    2.3947090886
  -2.8482802832    0.2177605806    2.3947090886
  -2.3316576495   -0.6770560693   -2.5942403870
  -1.8150350158    0.2177605806   -2.7997656492
  -3.0052275578    0.3433284196    2.3552967894
  -3.5519210690    1.2902293573    2.1057383365
  -4.0986145803    0.3433284196    2.1057383365
  -4.2954442186    1.8323178210    1.4064910901
  -4.8956353290    0.8984022237    1.4064910901
  -4.8956353290   -0.2117453845    1.4064910901
  -4.5370287369    2.2641463435    0.3960495430
  -5.2187443950    1.4093019467    0.3960495430
  -5.4620458964    0.3433284196    0.3960495430
  -5.2187443950   -0.7226451075    0.3960495430
  -4.5370287369    2.2641463435   -0.7254559642
  -5.2187443950    1.4093019467   -0.7254559642
  -5.4620458964    0.3433284196   -0.7254559642
  -5.2187443950   -0.7226451075   -0.7254559642
  -4.2954442186    1.8323178210   -1.7358975113
  -4.8956353290    0.8984022237   -1.7358975113
  -4.8956353290   -0.2117453845   -1.7358975113
  -3.5519210690    1.2902293573   -2.4351447577
  -4.0986145803    0.3433284196   -2.4351447577
  -3.5519210690   -0.6035725181   -2.4351447577
  -3.0052275578    0.3433284196   -2.6847032106
  -1.2353203631   -1.0200974195    2.7198941315
  -0.7186977294   -0.1252807696    2.5143688693
  -0.7186977294   -1.9149140694   -2.4745806063
  -1.2353203631   -1.0200974195   -2.6801058685
  -1.0717426173   -2.1898504076    2.5603188393
  -1.5883652510   -3.0846670575    2.5603188393
  -2.3766937101   -4.0796059327    1.9750324107
  -3.6602674447   -4.1401092899    1.0990893689
  -2.6600607330   -4.6217834557    1.0990893689
  -4.8049878847   -2.1898504076    0.0658441015
  -4.5994626224   -3.2230956750    0.0658441015
  -4.0141761939   -4.0990387168    0.0658441015
  -3.1382331520   -4.6843251454    0.0658441015
  -2.6600607330   -4.6217834557   -0.9674011659
  -1.3118823984   -3.9265091789   -1.8433442077
  -1.0717426173   -2.1898504076   -2.4286306363
   3.4495694229    0.9636829659    3.1280225892
   4.5295694229    0.9636829659    2.8386374614
   3.9895694229    1.8989904020    2.8386374614
   2.9095694229    1.8989904020    2.8386374614
   2.3695694229    0.9636829659    2.8386374614
   2.9095694229    0.0283755298    2.8386374614
   3.9895694229    0.0283755298    2.8386374614
   5.3201842951    0.9636829659    2.0480225892
   5.0232307927    1.9750137195    2.0480225892
   4.2266509244    2.6652541046    2.0480225892
   3.1833531699    2.8152576758    2.0480225892
   4.6765892759    2.7413281162    0.9680225892
   3.7099286523    3.1079341339    0.9680225892
   5.3586790006   -0.4090483040    2.0963990646
   4.8186790006   -1.3443557400    2.0963990646
   6.1492938728   -0.4090483040    1.3057841924
   5.0557605021   -2.1106194427    1.3057841924
   5.8523403704   -1.4203790576    1.3057841924
   6.4386790006   -0.4090483040    0.2257841924
   6.1912640161    0.5947537477    0.2257841924
   5.5056988536   -2.1866934543    0.2257841924
   6.1912640161   -1.4128503556    0.2257841924
   6.1492938728   -0.4090483040   -0.8542158076
   5.0557605021   -2.1106194427   -0.8542158076
   5.8523403704   -1.4203790576   -0.8542158076
   5.3586790006   -0.4090483040   -1.6448306798
   4.8186790006   -1.3443557400   -1.6448306798
   4.7559848641    2.6116041320   -0.7819714936
   3.7893242405    2.9782101497   -0.7819714936
   5.3995798834    0.8339589817   -1.8619714936
   5.1026263810    1.8452897353   -1.8619714936
   4.3060465126    2.5355301204   -1.8619714936
   3.2627487582    2.6855336917   -1.8619714936
   4.6089650112    0.8339589817   -2.6525863658
   4.0689650112    1.7692664178   -2.6525863658
   2.9889650112    1.7692664178   -2.6525863658
   2.4489650112    0.8339589817   -2.6525863658
   2.9889650112   -0.1013484544   -2.6525863658
   4.0689650112   -0.1013484544   -2.6525863658
   3.5289650112    0.8339589817   -2.9419714936
   4.0216347570   -2.4667283716    2.1895837241
   3.4816347570   -3.4020358076    2.1895837241
   4.8122496292   -2.4667283716    1.3989688519
   2.6754185040   -4.3183030815    1.3989688519
   3.7187162584   -4.1682995103    1.3989688519
   4.5152961268   -3.4780591252    1.3989688519
   5.1016347570   -2.4667283716    0.3189688519
   3.2019939863   -4.6109795396    0.3189688519
   4.1686546099   -4.2443735219    0.3189688519
   4.8542197724   -3.4705304232    0.3189688519
   4.8122496292   -2.4667283716   -0.7610311481
   2.6754185040   -4.3183030815   -0.7610311481
   3.7187162584   -4.1682995103   -0.7610311481
   4.5152961268   -3.4780591252   -0.7610311481
   4.0216347570   -2.4667283716   -1.5516460203
   3.4816347570   -3.4020358076   -1.5516460203
  -0.3683465143    4.3217611256    1.5762937839
  -0.1312650129    5.0880248282    0.7856789117
  -1.1745627673    5.2380283995    0.7856789117
   0.3186733386    5.1640988399   -0.2943210883
  -0.6479872850    5.5307048576   -0.2943210883
  -1.6742930703    5.4060887737   -0.2943210883
  -0.1312650129    5.0880248282   -1.3743210883
  -1.1745627673    5.2380283995   -1.3743210883
  -0.3683465143    4.3217611256   -2.1649359605
  -3.8606674384    4.0686078129   -1.1801156675
  -4.3411185480    3.1531847059   -1.1801156675
  -2.5101004754    4.4878375810   -2.2601156675
  -3.4688764505    4.0499792645   -2.2601156675
  -4.0387260486    3.1632759819   -2.2601156675
  -4.0387260486    2.1092497603   -2.2601156675
  -1.1638842224    2.6362628711   -3.0507305397
  -1.7038842224    3.5715703071   -3.0507305397
  -2.7838842224    3.5715703071   -3.0507305397
  -3.3238842224    2.6362628711   -3.0507305397
  -2.7838842224    1.7009554350   -3.0507305397
  -1.7038842224    1.7009554350   -3.0507305397
  -2.2438842224    2.6362628711   -3.3401156675
  -2.3236862817    2.7671257420    2.7283034734
  -1.2436862817    2.7671257420    2.4389183456
  -1.7836862817    3.7024331781    2.4389183456
  -2.8636862817    3.7024331781    2.4389183456
  -3.4036862817    2.7671257420    2.4389183456
  -2.8636862817    1.8318183059    2.4389183456
  -1.7836862817    1.8318183059    2.4389183456
  -2.5899025347    4.6187004520    1.6483034734
  -3.5486785098    4.1808421354    1.6483034734
  -4.1185281078    3.2941388528    1.6483034734
  -4.1185281078    2.2401126312    1.6483034734
  -3.0896328377    4.7867608262    0.5683034734
  -3.9404694977    4.1994706838    0.5683034734
  -4.4209206073    3.2840475769    0.5683034734
  -0.9411572695   -3.9974958179    2.0427836338
  -1.7473735225   -4.9137630918    1.2521687616
  -0.7040757681   -4.7637595205    1.2521687616
  -2.2471038255   -5.0818234660    0.1721687616
  -1.2207980401   -5.2064395498    0.1721687616
  -0.2541374166   -4.8398335321    0.1721687616
  -1.7473735225   -4.9137630918   -0.9078312384
  -0.7040757681   -4.7637595205   -0.9078312384
  -0.9411572695   -3.9974958179   -1.6984461105
  -4.7817383202   -1.7408446641   -0.8443042609
  -4.7817383202   -2.7746883338   -0.8443042609
  -4.3012872106   -3.6901114407   -0.8443042609
  -4.4793458208   -1.7307533881   -1.9243042609
  -4.4793458208   -2.7847796097   -1.9243042609
  -3.9094962227   -3.6714828923   -1.9243042609
  -2.9507202476   -4.1093412089   -1.9243042609
  -1.6045039946   -2.2577664989   -2.7149191331
  -2.1445039946   -1.3224590628   -2.7149191331
  -3.2245039946   -1.3224590628   -2.7149191331
  -3.7645039946   -2.2577664989   -2.7149191331
  -3.2245039946   -3.1930739350   -2.7149191331
  -2.1445039946   -3.1930739350   -2.7149191331
  -2.6845039946   -2.2577664989   -3.0043042609
  -2.7830082579   -2.1142465932    3.0642462863
  -1.7030082579   -2.1142465932    2.7748611585
  -2.2430082579   -1.1789391571    2.7748611585
  -3.3230082579   -1.1789391571    2.7748611585
  -3.8630082579   -2.1142465932    2.7748611585
  -3.3230082579   -3.0495540293    2.7748611585
  -2.2430082579   -3.0495540293    2.7748611585
  -4.0080004860   -0.7005301998    1.9842462863
  -4.5778500841   -1.5872334824    1.9842462863
  -4.5778500841   -2.6412597040    1.9842462863
  -4.0080004860   -3.5279629866    1.9842462863
  -3.0492245109   -3.9658213032    1.9842462863
  -4.8802425835   -1.5973247583    0.9042462863
  -4.8802425835   -2.6311684280    0.9042462863
  -4.3997914739   -3.5465915350    0.9042462863
   3.9575491664   -0.6155606812    2.9564558859
   5.3728817805    0.2730337170    2.4355113529
   4.2455898211   -1.4810668110    2.4355113529
   5.8179796729    1.3297665137    1.6373780236
   6.1994365944    1.3402944977    0.6583225566
   5.6278640851    2.2634157961    0.6583225566
   6.1994365944    1.3402944977   -0.3835665094
   5.6278640851    2.2634157961   -0.3835665094
   4.7614187171    2.9177249656   -0.3835665094
   3.7171187387    3.2148539273   -0.3835665094
   6.0425951627    0.2730337170   -1.3626219764
   5.8179796729    1.3297665137   -1.3626219764
   4.2455898211   -1.4810668110   -2.1607553058
   5.0667609939   -0.7695179393   -2.1607553058
   3.9575491664   -0.6155606812   -2.6816998388
   2.2171826670   -0.5019989056    3.1391027899
   1.7041524520    0.3865954926    2.9581806523
   2.7302128820   -1.3905933038   -2.6799750725
   2.2171826670   -0.5019989056   -2.8608972101
   2.0903499091   -1.8219937989    3.2318596542
   3.1164103391   -1.8219937989    3.0509375166
   1.5773196941   -0.9333994007    3.0509375166
   2.6033801241   -2.7105881971    3.0509375166
   4.0187127381   -1.8219937989    2.5299929836
   2.8914207788   -3.5760943269    2.5299929836
   2.8931996111   -4.2929111096   -1.2681403458
   4.0187127381   -1.8219937989   -2.0662736751
   2.8914207788   -3.5760943269   -2.0662736751
   3.7125919516   -2.8645454552   -2.0662736751
   3.1164103391   -1.8219937989   -2.5872182081
   2.6033801241   -2.7105881971   -2.5872182081
   2.0903499091   -1.8219937989   -2.7681403458
   0.8509958206   -2.2459345062    3.2066837682
  -0.1750646094   -2.2459345062    3.0257616306
   0.3379656056   -3.1345289044    3.0257616306
   1.3640260355   -3.1345289044    3.0257616306
  -0.4118132770   -3.7032938934    2.5048170976
   0.5765611764   -4.1546693821    2.5048170976
   1.6520666903   -4.0000350341    2.5048170976
   0.5794229067   -4.8297781842    1.7066837682
   1.6538455225   -4.7168518168    1.7066837682
   0.0424795175   -5.0875745575    0.7276283012
   1.1235956078   -5.1877547164    0.7276283012
   2.1678955863   -4.8906257548    0.7276283012
   0.0424795175   -5.0875745575   -0.3142607648
   1.1235956078   -5.1877547164   -0.3142607648
   2.1678955863   -4.8906257548   -0.3142607648
   0.5794229067   -4.8297781842   -1.2933162318
   1.6538455225   -4.7168518168   -1.2933162318
  -0.4118132770   -3.7032938934   -2.0914495612
   0.5765611764   -4.1546693821   -2.0914495612
   1.6520666903   -4.0000350341   -2.0914495612
   0.3379656056   -3.1345289044   -2.6123940942
   1.3640260355   -3.1345289044   -2.6123940942
   0.8509958206   -2.2459345062   -2.7933162318
   0.1286391644   -1.1164524131    3.0890989521
  -0.3843910506   -0.2278580149    2.9081768145
  -0.3843910506   -2.0050468113   -2.7299789103
   0.1286391644   -1.1164524131   -2.9109010479
   0.9245936798   -0.0184598817    3.0437502052
   1.4376238948    0.8701345164    2.8628280676
  -0.1014667502   -0.0184598817   -2.7753276572
   1.4376238948   -0.9070542799   -2.7753276572
   0.9245936798   -0.0184598817   -2.9562497948
   0.4157069338    1.3150096279    2.9215644435
   1.4417673638    1.3150096279    2.7406423059
   0.9287371488    2.2036040261    2.7406423059
  -0.0973232812    2.2036040261    2.7406423059
   1.4417673638    1.3150096279   -2.8975134188
  -0.0973232812    2.2036040261   -2.8975134188
  -0.0973232812    0.4264152297   -2.8975134188
   0.4157069338    1.3150096279   -3.0784355565
   1.0766667524    2.3178527192    2.6777762164
   2.1481803630    2.3178527192    2.4646389074
   1.6124235577    3.2458107265    2.4646389074
   0.5409099471    3.2458107265    2.4646389074
   2.7913095723    3.3078022128    1.8576752037
   2.0666162460    4.0324955391    1.8576752037
   1.0766667524    4.2977517065    1.8576752037
   0.0867172587    4.0324955391    1.8576752037
   3.4398834133    3.3700245662    0.9492898270
   2.8076157534    4.2402663422    0.9492898270
   1.8760512860    4.7781053382    0.9492898270
   0.8062659706    4.8905443057    0.9492898270
   3.6875889947    3.3293293845   -0.1222237836
   3.1458917206    4.2042005214   -0.1222237836
   2.3247341485    4.8243099350   -0.1222237836
   1.3350181589    5.1059084128   -0.1222237836
   3.4398834133    3.3700245662   -1.1937373943
   2.8076157534    4.2402663422   -1.1937373943
   1.8760512860    4.7781053382   -1.1937373943
   0.8062659706    4.8905443057   -1.1937373943
   2.7913095723    3.3078022128   -2.1021227710
   2.0666162460    4.0324955391   -2.1021227710
   1.0766667524    4.2977517065   -2.1021227710
   2.1481803630    2.3178527192   -2.7090864747
   1.6124235577    3.2458107265   -2.7090864747
   0.5409099471    3.2458107265   -2.7090864747
   1.0766667524    2.3178527192   -2.9222237836
  -0.9778589096    1.3282742613    2.8563529566
  -0.4648286946    2.2168686595    2.6754308190
  -0.4648286946    0.4396798631    2.6754308190
  -0.4648286946    0.4396798631   -2.9627249058
  -0.9778589096    1.3282742613   -3.1436470434
  -0.6338584052    2.6175400013    2.5479309008
  -1.1468886201    3.5061343995    2.5479309008
  -0.8588479654    4.3716405293    2.0269863678
  -1.9314917490    5.2013836793    1.2288530385
  -2.4684351381    5.4591800526    0.2497975715
  -3.4403566216    4.9752206587    0.2497975715
  -2.4684351381    5.4591800526   -0.7920914945
  -3.4403566216    4.9752206587   -0.7920914945
  -4.1718201162    4.1728434276   -0.7920914945
  -4.5640374238    3.1604138506   -0.7920914945
  -1.9314917490    5.2013836793   -1.7711469615
  -2.9589569408    4.8675400013   -1.7711469615
  -0.0376767926    3.6600916576   -2.5692802909
  -0.8588479654    4.3716405293   -2.5692802909
  -0.6338584052    2.6175400013   -3.0902248239
  -1.8150350158    0.2177605806    2.9002343508
  -0.7889745858    0.2177605806    2.7193122131
  -2.3280652308    1.1063549788    2.7193122131
  -2.8410954458    0.2177605806    2.7193122131
  -2.3280652308   -0.6708338176   -2.9188435116
  -1.8150350158    0.2177605806   -3.0997656492
  -3.5409843631    1.2712864269    2.4221594804
  -4.0767411684    0.3433284196    2.4221594804
  -4.7198703777    1.3332779132    1.8151957767
  -4.9851265451    0.3433284196    1.8151957767
  -4.7198703777   -0.6466210741    1.8151957767
  -5.0980434369    1.8638481591    0.9068104000
  -5.5355610924    0.8811674156    0.9068104000
  -5.5355610924   -0.1945105764    0.9068104000
  -5.0980434369   -1.1771913199    0.9068104000
  -4.6926045396    2.5777766560   -0.1647032106
  -5.3858355378    1.8173384756   -0.1647032106
  -5.7575522369    0.8578270695   -0.1647032106
  -5.7575522369   -0.1711702303   -0.1647032106
  -5.3858355378   -1.1306816365   -0.1647032106
  -5.0980434369    1.8638481591   -1.2362168212
  -5.5355610924    0.8811674156   -1.2362168212
  -5.5355610924   -0.1945105764   -1.2362168212
  -5.0980434369   -1.1771913199   -1.2362168212
  -4.7198703777    1.3332779132   -2.1446021979
  -4.9851265451    0.3433284196   -2.1446021979
  -4.7198703777   -0.6466210741   -2.1446021979
  -3.5409843631    1.2712864269   -2.7515659016
  -4.0767411684    0.3433284196   -2.7515659016
  -3.5409843631   -0.5846295877   -2.7515659016
  -3.0052275578    0.3433284196   -2.9647032106
  -1.2353203631   -1.0200974195    3.0198941315
  -0.7222901481   -0.1315030213    2.8389719938
  -0.7222901481   -1.9086918176   -2.7991837309
  -1.2353203631   -1.0200974195   -2.9801058685
  -1.0789274547   -2.1898504076    2.8849219639
  -1.5919576697   -3.0784448058    2.8849219639
  -2.3794225288   -4.0985852836    2.3639774309
  -3.4040259903   -4.4398504076    1.5658441015
  -4.6168891657   -3.7451538340    0.5867886345
  -3.8854256711   -4.5475310650    0.5867886345
  -2.9135041877   -5.0314904590    0.5867886345
  -5.0091064734   -1.6469765584   -0.4551004315
  -5.0091064734   -2.7327242569   -0.4551004315
  -4.6168891657   -3.7451538340   -0.4551004315
  -3.8854256711   -4.5475310650   -0.4551004315
  -2.9135041877   -5.0314904590   -0.4551004315
  -2.3765607985   -4.7736940857   -1.4341558985
  -1.3039170150   -3.9439509356   -2.2322892278
  -1.0789274547   -2.1898504076   -2.7532337608
   3.4495694229    0.9636829659    3.3680225892
   4.4908903968    0.9636829659    3.1303478721
   3.9702299099    1.8654933827    3.1303478721
   2.9289089360    1.8654933827    3.1303478721
   2.4082484490    0.9636829659    3.1303478721
   2.9289089360    0.0618725490    3.1303478721
   3.9702299099    0.0618725490    3.1303478721
   5.3259649808    0.9636829659    2.4643981136
   5.0280938150    1.9781389942    2.4643981136
   4.2290523080    2.6705124013    2.4643981136
   3.1825304925    2.8209795226    2.4643981136
   2.2207916507    2.3817681101    2.4643981136
   5.5576806965    1.9788958488    1.5020728307
   4.9084276888    2.7930333696    1.5020728307
   3.9702299099    3.2448456074    1.5020728307
   3.9702299099    3.2448456074    0.4339723477
   5.3199999745   -0.4090483040    2.3881094754
   4.7993394876   -1.3108587208    2.3881094754
   6.1550745586   -0.4090483040    1.7221597169
   5.0581618857   -2.1158777394    1.7221597169
   5.8572033927   -1.4235043323    1.7221597169
   6.6185059899   -0.4090483040    0.7598344339
   6.3867902742    0.6061645790    0.7598344339
   5.7375372665   -2.2383987077    0.7598344339
   6.3867902742   -1.4242611869    0.7598344339
   6.6185059899   -0.4090483040   -0.3082660491
   5.7375372665   -2.2383987077   -0.3082660491
   6.3867902742   -1.4242611869   -0.3082660491
   6.1550745586   -0.4090483040   -1.2705913321
   5.0581618857   -2.1158777394   -1.2705913321
   5.8572033927   -1.4235043323   -1.2705913321
   5.6370762848    1.8491718647   -1.3160217351
   4.9878232771    2.6633093854   -1.3160217351
   4.0496254981    3.1151216232   -1.3160217351
   5.4053605691    0.8339589817   -2.2783470180
   5.1074894033    1.8484150100   -2.2783470180
   4.3084478963    2.5407884171   -2.2783470180
   3.2619260808    2.6912555384   -2.2783470180
   4.5702859851    0.8339589817   -2.9442967766
   4.0496254981    1.7357693986   -2.9442967766
   3.0083045243    1.7357693986   -2.9442967766
   2.4876440373    0.8339589817   -2.9442967766
   3.0083045243   -0.0678514352   -2.9442967766
   4.0496254981   -0.0678514352   -2.9442967766
   3.5289650112    0.8339589817   -3.1819714936
   3.9829557309   -2.4667283716    2.4812941349
   3.4622952439   -3.3685387884    2.4812941349
   4.8180303149   -2.4667283716    1.8153443764
   2.6745958266   -4.3240249282    1.8153443764
   3.7211176421   -4.1735578070    1.8153443764
   4.5201591491   -3.4811843999    1.8153443764
   2.4209742700   -4.7478910130    0.8530190934
   3.4622952439   -4.7478910130    0.8530190934
   4.4004930229   -4.2960787753    0.8530190934
   5.0497460306   -3.4819412545    0.8530190934
   3.4622952439   -4.7478910130   -0.2150813896
   4.4004930229   -4.2960787753   -0.2150813896
   5.0497460306   -3.4819412545   -0.2150813896
   4.8180303149   -2.4667283716   -1.1774066725
   3.7211176421   -4.1735578070   -1.1774066725
   4.5201591491   -3.4811843999   -1.1774066725
  -0.1288636292    5.0932831249    1.2020544362
  -1.1753854447    5.2437502462    1.2020544362
   0.5505117516    5.2158040932    0.2397291532
  -0.3876860274    5.6676163310    0.2397291532
  -1.4290070013    5.6676163310    0.2397291532
   0.5505117516    5.2158040932   -0.8283713298
  -0.3876860274    5.6676163310   -0.8283713298
  -1.4290070013    5.6676163310   -0.8283713298
  -0.1288636292    5.0932831249   -1.7906966127
  -1.1753854447    5.2437502462   -1.7906966127
  -0.3876860274    4.2882641064   -2.4566463712
  -3.7027424883    4.4656132748   -1.7141659090
  -4.3519954960    3.6514757540   -1.7141659090
  -4.5837112116    2.6362628711   -1.7141659090
  -2.5109231527    4.4935594277   -2.6764911920
  -3.4726619946    4.0543480153   -2.6764911920
  -4.0442725759    3.1649045892   -2.6764911920
  -4.0442725759    2.1076211529   -2.6764911920
  -1.2025632485    2.6362628711   -3.3424409505
  -1.7232237354    3.5380732879   -3.3424409505
  -2.7645447093    3.5380732879   -3.3424409505
  -3.2852051963    2.6362628711   -3.3424409505
  -2.7645447093    1.7344524542   -3.3424409505
  -1.7232237354    1.7344524542   -3.3424409505
  -2.2438842224    2.6362628711   -3.5801156675
  -2.3236862817    2.7671257420    2.9683034734
  -1.2823653078    2.7671257420    2.7306287564
  -1.8030257947    3.6689361589    2.7306287564
  -2.8443467686    3.6689361589    2.7306287564
  -3.3650072555    2.7671257420    2.7306287564
  -2.8443467686    1.8653153251    2.7306287564
  -1.8030257947    1.8653153251    2.7306287564
  -2.5907252120    4.6244222987    2.0646789979
  -3.5524640539    4.1852108862    2.0646789979
  -4.1240746352    3.2957674602    2.0646789979
  -4.1240746352    2.2384840238    2.0646789979
  -2.8443467686    5.0482883835    1.1023537149
  -3.7825445476    4.5964761457    1.1023537149
  -4.4317975552    3.7823386250    1.1023537149
  -4.6635132709    2.7671257420    1.1023537149
  -4.4317975552    3.7823386250    0.0342532319
  -4.6635132709    2.7671257420    0.0342532319
  -0.9604967826   -3.9639987987    2.3344940446
  -1.7481961999   -4.9194849385    1.6685442861
  -0.7016743844   -4.7690178172    1.6685442861
  -2.0018177564   -5.3433510233    0.7062190031
  -0.9604967826   -5.3433510233    0.7062190031
  -2.0018177564   -5.3433510233   -0.3618814799
  -0.9604967826   -5.3433510233   -0.3618814799
  -1.7481961999   -4.9194849385   -1.3242067628
  -0.7016743844   -4.7690178172   -1.3242067628
  -5.0243309838   -2.2577664989   -1.3783545024
  -4.7926152682   -3.2729793819   -1.3783545024
  -4.1433622605   -4.0871169026   -1.3783545024
  -4.4848923481   -1.7291247807   -2.3406797854
  -4.4848923481   -2.7864082171   -2.3406797854
  -3.9132817668   -3.6758516431   -2.3406797854
  -2.9515429249   -4.1150630556   -2.3406797854
  -1.6431830207   -2.2577664989   -3.0066295439
  -2.1638435076   -1.3559560820   -3.0066295439
  -3.2051644815   -1.3559560820   -3.0066295439
  -3.7258249685   -2.2577664989   -3.0066295439
  -3.2051644815   -3.1595769158   -3.0066295439
  -2.1638435076   -3.1595769158   -3.0066295439
  -2.6845039946   -2.2577664989   -3.2443042609
  -2.7830082579   -2.1142465932    3.3042462863
  -1.7416872840   -2.1142465932    3.0665715693
  -2.2623477709   -1.2124361763    3.0665715693
  -3.3036687448   -1.2124361763    3.0665715693
  -3.8243292318   -2.1142465932    3.0665715693
  -3.3036687448   -3.0160570101    3.0665715693
  -2.2623477709   -3.0160570101    3.0665715693
  -4.0117860301   -0.6961614490    2.4006218108
  -4.5833966114   -1.5856048750    2.4006218108
  -4.5833966114   -2.6428883114    2.4006218108
  -4.0117860301   -3.5323317374    2.4006218108
  -3.0500471882   -3.9715431499    2.4006218108
  -4.8911195315   -1.0990337102    1.4382965278
  -5.1228352471   -2.1142465932    1.4382965278
  -4.8911195315   -3.1294594762    1.4382965278
  -4.2418665238   -3.9435969969    1.4382965278
  -5.1228352471   -2.1142465932    0.3701960448
