   0.0087140440
  -0.0029844967
   0.0142474180
   0.0145104832
   0.0101091791
   0.0135284382
   0.0108828352
   0.0202833247
   0.0189349702
   0.0096834196
  -0.0206155754
  -0.0130428607
   0.0004757173
  -0.0327478969
  -0.0392048615
  -0.0364291701
  -0.0184164222
  -0.0179029796
  -0.0407482710
  -0.0466146274
  -0.0479109321
  -0.0444459987
  -0.0257323373
  -0.0334103508
  -0.0459649790
  -0.0497075392
  -0.0499760793
  -0.0404503719
  -0.0085964717
  -0.0380188703
  -0.0461754242
  -0.0454383821
  -0.0312453945
  -0.0157729502
  -0.0226878086
  -0.0370406780
  -0.0136300198
   0.0010600590
   0.0007145226
   0.0038782553
  -0.0022489376
  -0.0200912117
  -0.0153059249
  -0.0066633194
  -0.0234193391
  -0.0168281853
   0.0086665292
  -0.0155492993
  -0.0214037034
  -0.0051920964
  -0.0125971049
  -0.0098574093
   0.0056336531
   0.0020112784
   0.0119945300
  -0.0013687193
   0.0097104860
   0.0134710438
   0.0144789023
  -0.0083802807
   0.0087917289
   0.0136243384
   0.0135771901
  -0.0066047496
   0.0093576806
   0.0111919816
   0.0051384129
   0.0156956089
   0.0157857916
   0.0113482088
   0.0163966005
   0.0182145572
   0.0159922639
   0.0100204547
   0.0218469482
   0.0124967910
   0.0168025278
   0.0174669116
   0.0149824471
   0.0178085932
   0.0137870289
   0.0170649320
   0.0174735367
   0.0178674944
   0.0137127881
   0.0147907580
   0.0130588014
   0.0151730470
   0.0162239028
   0.0147717172
   0.0090160934
   0.0288470456
   0.0203647389
   0.0392670059
   0.0322451770
   0.0099238720
   0.0312479901
   0.0389495873
   0.0265044583
   0.0329654175
   0.0293045239
   0.0182397101
   0.0152670398
   0.0078286129
   0.0118698094
   0.0124979310
   0.0117207962
   0.0083857378
   0.0059350789
   0.0089373575
   0.0074272420
   0.0145412116
   0.0046448127
  -0.0046409527
   0.0138744246
   0.0001770659
   0.0101177163
   0.0035661931
  -0.0116407155
  -0.0203051498
  -0.0271001216
  -0.0240565431
  -0.0087665680
  -0.0258789263
  -0.0339070545
  -0.0356438526
  -0.0330219565
  -0.0218950617
  -0.0160103308
  -0.0321102611
  -0.0379637190
  -0.0396369799
  -0.0380315161
  -0.0290606681
  -0.0259999211
  -0.0360210165
  -0.0396206155
  -0.0390476034
  -0.0310302670
  -0.0134762074
  -0.0101056530
  -0.0292998459
  -0.0359467779
  -0.0347727994
  -0.0242443150
  -0.0142272666
  -0.0184878433
  -0.0285962795
  -0.0074446894
   0.0002661484
   0.0009222386
   0.0029881473
  -0.0002281261
  -0.0119945191
  -0.0097023026
   0.0070989932
  -0.0035192035
  -0.0152796196
  -0.0114738478
   0.0041770221
  -0.0139814116
  -0.0136714064
  -0.0007374265
  -0.0096314975
  -0.0111032020
   0.0020526469
  -0.0035899510
  -0.0034618493
   0.0040320977
  -0.0026093093
   0.0051547003
   0.0095715261
   0.0115425289
  -0.0041635725
   0.0059676857
   0.0101084909
   0.0113821590
  -0.0186934231
   0.0010733125
   0.0083094287
   0.0103926068
   0.0113465648
  -0.0113437095
   0.0023637374
   0.0075946739
   0.0024373192
   0.0128916760
   0.0110602790
   0.0047436366
   0.0136257973
   0.0137605064
   0.0116001420
   0.0049981509
   0.0122622317
   0.0140377918
   0.0143804921
   0.0123040675
   0.0097625511
   0.0149198699
   0.0115529169
   0.0135775294
   0.0133545490
   0.0114634887
   0.0137748528
   0.0106136316
   0.0133569875
   0.0137079848
   0.0144833702
   0.0134984670
   0.0101949650
   0.0122655980
   0.0110174069
   0.0124569541
   0.0136373906
   0.0135569208
   0.0114278691
   0.0055814206
   0.0132698942
   0.0191343191
   0.0152569027
   0.0281720984
   0.0241056164
   0.0117250418
   0.0227981642
   0.0305745239
   0.0249120996
   0.0068216432
   0.0164929978
   0.0277668076
   0.0271175177
   0.0160330741
   0.0248371434
   0.0183340045
   0.0155586216
   0.0078989946
   0.0073887630
   0.0021366814
   0.0097291473
   0.0106277469
   0.0111805290
   0.0109307707
   0.0083265682
  -0.0009048200
   0.0102186411
   0.0107547972
   0.0095982923
   0.0062206449
   0.0032541996
   0.0067393715
   0.0054436224
   0.0109414765
   0.0042749697
  -0.0041515273
  -0.0009565965
   0.0103686640
   0.0046177341
   0.0047861955
  -0.0024656934
   0.0051350566
   0.0003322334
  -0.0082205965
  -0.0134998509
  -0.0207908111
  -0.0201053186
  -0.0117100075
  -0.0181391844
  -0.0263478331
  -0.0286906743
  -0.0273437288
  -0.0207096325
  -0.0098274066
  -0.0241101717
  -0.0301793909
  -0.0321788352
  -0.0313394738
  -0.0259219649
  -0.0194275000
  -0.0282418326
  -0.0319869382
  -0.0321204139
  -0.0275199529
  -0.0160276566
  -0.0070159039
  -0.0229768845
  -0.0290003688
  -0.0277030660
  -0.0184809871
  -0.0103694844
  -0.0138437924
  -0.0225186651
  -0.0037281690
   0.0017152192
   0.0021204942
   0.0042262370
  -0.0071497827
  -0.0058841985
   0.0057302765
  -0.0051276679
  -0.0105189872
  -0.0058805573
   0.0056976739
  -0.0029821067
  -0.0100282546
  -0.0078037130
   0.0027016070
  -0.0069151086
  -0.0056594957
   0.0051146193
  -0.0022511179
   0.0006035724
   0.0039704400
   0.0015734152
   0.0066053268
   0.0092143841
  -0.0102610511
   0.0015100285
   0.0067388442
   0.0089983006
   0.0101083794
  -0.0047765565
   0.0041529681
   0.0076884615
   0.0090687190
  -0.0136604643
   0.0002784628
   0.0058286416
   0.0007514176
   0.0107400598
   0.0080992284
   0.0003987242
   0.0113866207
   0.0116489604
   0.0109695941
   0.0081566611
   0.0006771813
   0.0110658062
   0.0118787487
   0.0113346205
   0.0090121806
   0.0095281721
   0.0110204888
   0.0105770834
   0.0089108097
   0.0110421275
   0.0078986472
   0.0105921203
   0.0111350450
   0.0118985989
   0.0109456533
   0.0076801850
   0.0097171211
   0.0085458557
   0.0098605449
   0.0111482070
   0.0116544133
   0.0109894127
   0.0083117415
   0.0017045635
   0.0146836059
   0.0113267361
   0.0219557376
   0.0186621520
   0.0089197713
   0.0184319666
   0.0237372375
   0.0189006651
   0.0046921138
   0.0144625129
   0.0221395581
   0.0204723401
   0.0113388964
   0.0112218095
   0.0197009078
   0.0125635965
   0.0114798324
   0.0010566544
   0.0051911693
   0.0078222729
   0.0092359007
   0.0100057095
   0.0089419836
   0.0053571435
   0.0087792303
   0.0091301861
   0.0096730855
   0.0089536836
   0.0086520028
   0.0077778552
  -0.0016758034
   0.0044898526
   0.0065177658
   0.0014488006
   0.0042642230
   0.0034966927
  -0.0015614500
   0.0006464328
   0.0074701856
   0.0035284081
   0.0014266041
  -0.0035939087
   0.0022230702
  -0.0013716252
  -0.0071312881
  -0.0138446423
  -0.0144438054
  -0.0098007868
  -0.0102787372
  -0.0185408181
  -0.0213844893
  -0.0208311482
  -0.0165965240
   0.0002437802
  -0.0145425171
  -0.0216750285
  -0.0247787937
  -0.0254771437
  -0.0239374633
  -0.0190868252
  -0.0100527702
  -0.0197950326
  -0.0248669526
  -0.0269107889
  -0.0267097898
  -0.0236724070
  -0.0160294629
  -0.0162007021
  -0.0225559391
  -0.0258345063
  -0.0264005764
  -0.0239795220
  -0.0176910511
  -0.0082262181
  -0.0185374918
  -0.0232934110
  -0.0221063531
  -0.0150938129
  -0.0093678813
  -0.0117607287
  -0.0180952237
  -0.0015023108
   0.0014526605
   0.0020132662
   0.0036296407
  -0.0038309423
  -0.0034048434
   0.0102012687
   0.0048621552
  -0.0047779054
  -0.0066328406
  -0.0028340267
   0.0042802983
  -0.0041744261
  -0.0071894030
  -0.0044167919
   0.0031727626
  -0.0050362516
  -0.0055038925
  -0.0006292792
   0.0085971141
  -0.0031723618
  -0.0012919463
   0.0065675307
   0.0003377780
   0.0030248948
   0.0035278722
   0.0058304749
  -0.0009080219
   0.0043167836
   0.0070311526
   0.0085542303
  -0.0033750659
   0.0031616703
   0.0063179575
   0.0078795637
  -0.0061675172
   0.0019878717
   0.0055856172
   0.0073335114
  -0.0011741034
   0.0040561201
   0.0065609000
   0.0101038442
   0.0096043189
   0.0080677529
   0.0041673811
   0.0099793769
   0.0100484081
   0.0091903958
   0.0067556002
   0.0092899558
   0.0098636812
   0.0094414898
   0.0079046140
   0.0077990946
   0.0089025542
   0.0084465734
   0.0069326988
   0.0090726212
   0.0066934588
   0.0086386436
   0.0093451561
   0.0099582910
   0.0091373599
   0.0066460080
   0.0076782865
   0.0075214180
   0.0086777754
   0.0097176797
   0.0100832721
   0.0094501808
   0.0072003160
   0.0023477100
   0.0098966246
   0.0101035424
   0.0095977807
   0.0103531728
   0.0162705500
   0.0138912385
   0.0071714180
   0.0133701901
   0.0187640367
   0.0155423449
   0.0067871530
   0.0119521590
   0.0175238517
   0.0180011227
   0.0130192227
   0.0128958905
   0.0176866772
   0.0140653208
   0.0050765383
   0.0144585353
   0.0073350723
